  0.0000000e+000  0.0000000e+000  0.0000000e+000  0.0000000e+000
  5.0000000e+000  3.9346934e-001  1.8126925e-001  9.5162582e-002
  1.0000000e+001  6.3212056e-001  3.2967995e-001  1.8126925e-001
  1.5000000e+001  7.7686984e-001  4.5118836e-001  2.5918178e-001
  2.0000000e+001  8.6466472e-001  5.5067104e-001  3.2967995e-001
  2.5000000e+001  9.1791500e-001  6.3212056e-001  3.9346934e-001
  3.0000000e+001  9.5021293e-001  6.9880579e-001  4.5118836e-001
  3.5000000e+001  9.6980262e-001  7.5340304e-001  5.0341470e-001
  4.0000000e+001  9.8168436e-001  7.9810348e-001  5.5067104e-001
  4.5000000e+001  9.8889100e-001  8.3470111e-001  5.9343034e-001
  5.0000000e+001  9.9326205e-001  8.6466472e-001  6.3212056e-001
  5.5000000e+001  9.9591323e-001  8.8919684e-001  6.6712892e-001
  6.0000000e+001  9.9752125e-001  9.0928205e-001  6.9880579e-001
  6.5000000e+001  9.9849656e-001  9.2572642e-001  7.2746821e-001
  7.0000000e+001  9.9908812e-001  9.3918994e-001  7.5340304e-001
  7.5000000e+001  9.9944692e-001  9.5021293e-001  7.7686984e-001
  8.0000000e+001  9.9966454e-001  9.5923780e-001  7.9810348e-001
  8.5000000e+001  9.9979653e-001  9.6662673e-001  8.1731648e-001
  9.0000000e+001  9.9987659e-001  9.7267628e-001  8.3470111e-001
  9.5000000e+001  9.9992515e-001  9.7762923e-001  8.5043138e-001
  1.0000000e+002  9.9995460e-001  9.8168436e-001  8.6466472e-001
